       Z  Symbol      Ka     Ka1     Ka2      Kb     Kb1     Kb2     La1     Lb1     Lb2     Lg1     Lg2     Lg3     Lg4      Ll
       1       H   0.000   0.000   0.000   0.000   0.000   0.000   0.000   0.000   0.000   0.000   0.000   0.000   0.000   0.000
       2      He   0.000   0.000   0.000   0.000   0.000   0.000   0.000   0.000   0.000   0.000   0.000   0.000   0.000   0.000
       3      Li   0.052   0.000   0.000   0.000   0.000   0.000   0.000   0.000   0.000   0.000   0.000   0.000   0.000   0.000
       4      Be   0.110   0.000   0.000   0.000   0.000   0.000   0.000   0.000   0.000   0.000   0.000   0.000   0.000   0.000
       5       B   0.185   0.000   0.000   0.000   0.000   0.000   0.000   0.000   0.000   0.000   0.000   0.000   0.000   0.000
       6       C   0.282   0.000   0.000   0.000   0.000   0.000   0.000   0.000   0.000   0.000   0.000   0.000   0.000   0.000
       7       N   0.392   0.000   0.000   0.000   0.000   0.000   0.000   0.000   0.000   0.000   0.000   0.000   0.000   0.000
       8       O   0.523   0.000   0.000   0.000   0.000   0.000   0.000   0.000   0.000   0.000   0.000   0.000   0.000   0.000
       9       F   0.677   0.000   0.000   0.000   0.000   0.000   0.000   0.000   0.000   0.000   0.000   0.000   0.000   0.000
      10      Ne   0.851   0.000   0.000   0.000   0.000   0.000   0.000   0.000   0.000   0.000   0.000   0.000   0.000   0.000
      11      Na   1.041   1.041   1.041   1.071   1.067   0.000   0.000   0.000   0.000   0.000   0.000   0.000   0.000   0.000
      12      Mg   1.254   1.253   1.254   1.302   1.297   0.000   0.000   0.000   0.000   0.000   0.000   0.000   0.000   0.000
      13      Al   1.487   1.486   1.486   1.557   1.553   0.000   0.000   0.000   0.000   0.000   0.000   0.000   0.000   0.000
      14      Si   1.740   1.740   1.739   1.838   1.832   0.000   0.000   0.000   0.000   0.000   0.000   0.000   0.000   0.000
      15       P   2.015   2.013   2.014   2.142   2.136   0.000   0.000   0.000   0.000   0.000   0.000   0.000   0.000   0.000
      16       S   2.307   2.307   2.306   2.468   2.464   0.000   0.000   0.000   0.000   0.000   0.000   0.000   0.000   0.000
      17      Cl   2.622   2.622   2.621   2.817   2.815   0.000   0.000   0.000   0.000   0.000   0.000   0.000   0.000   0.000
      18      Ar   2.957   2.957   2.955   3.191   3.192   0.000   0.000   0.000   0.000   0.000   0.000   0.000   0.000   0.000
      19       K   3.312   3.313   3.310   3.589   3.589   0.000   0.000   0.000   0.000   0.000   0.000   0.000   0.000   0.000
      20      Ca   3.690   3.691   3.688   4.012   4.012   0.000   0.341   0.344   0.000   0.000   0.000   0.000   0.000   0.000
      21      Sc   4.088   4.090   4.085   4.459   4.460   0.000   0.395   0.399   0.000   0.000   0.000   0.000   0.000   0.000
      22      Ti   4.508   4.510   4.504   4.931   4.931   0.000   0.452   0.458   0.000   0.000   0.000   0.000   0.000   0.000
      23       V   4.949   4.951   4.944   5.427   5.427   0.000   0.510   0.519   0.000   0.000   0.000   0.000   0.000   0.000
      24      Cr   5.411   5.414   5.405   5.947   5.946   0.000   0.571   0.581   0.000   0.000   0.000   0.000   0.000   0.000
      25      Mn   5.895   5.898   5.887   6.492   6.490   0.000   0.636   0.647   0.000   0.000   0.000   0.000   0.000   0.000
      26      Fe   6.400   6.403   6.390   7.059   7.057   0.000   0.704   0.717   0.000   0.000   0.000   0.000   0.000   0.000
      27      Co   6.925   6.929   6.915   7.649   7.649   0.000   0.775   0.790   0.000   0.000   0.000   0.000   0.000   0.000
      28      Ni   7.472   7.477   7.460   8.265   8.264   8.328   0.849   0.866   0.000   0.000   0.000   0.000   0.000   0.000
      29      Cu   8.041   8.046   8.027   8.907   8.904   8.976   0.928   0.948   0.000   0.000   0.000   0.000   0.000   0.000
      30      Zn   8.631   8.637   8.615   9.572   9.571   9.657   1.009   1.032   0.000   0.000   0.000   0.000   0.000   0.000
      31      Ga   9.243   9.250   9.234  10.263  10.263  10.365   1.098   1.125   0.000   0.000   0.000   0.000   0.000   0.000
      32      Ge   9.876   9.885   9.854  10.984  10.981  11.100   1.188   1.218   0.000   0.000   0.000   0.000   0.000   0.000
      33      As  10.532  10.542  10.507  11.729  11.725  11.863   1.282   1.317   0.000   0.000   0.000   0.000   0.000   0.000
      34      Se  11.210  11.220  11.181  12.501  12.495  12.651   1.379   1.419   0.000   0.000   0.000   0.000   0.000   0.000
      35      Br  11.907  11.922  11.877  13.296  13.290  13.465   1.480   1.526   0.000   0.000   0.000   0.000   0.000   0.000
      36      Kr  12.630  12.648  12.597  14.120  14.112  14.313   1.586   1.636   0.000   0.000   0.000   0.000   0.000   0.000
      37      Rb  13.375  13.393  13.335  14.971  14.960  15.184   1.694   1.752   0.000   0.000   0.000   0.000   0.000   0.000
      38      Sr  14.142  14.163  14.097  15.849  15.834  16.083   1.806   1.871   0.001   0.000   0.000   0.000   0.000   0.000
      39       Y  14.933  14.956  14.882  16.754  16.736  17.011   1.922   1.995   0.000   0.000   0.000   0.000   0.000   0.000
      40      Zr  15.746  15.772  15.690  17.687  17.665  17.959   2.042   2.124   2.219   2.302   2.503   2.503   0.000   1.792
      41      Nb  16.584  16.612  16.520  18.647  18.621  18.951   2.166   2.257   2.367   2.462   2.664   2.664   0.000   1.902
      42      Mo  17.443  17.476  17.373  19.633  19.607  19.964   2.293   2.394   2.518   2.623   2.831   2.831   0.000   2.016
      43      Tc  18.327  18.364  18.328  20.647  20.585  21.012   2.424   2.536   2.674   2.792   0.000   0.000   0.000   0.000
      44      Ru  19.235  19.276  19.149  21.687  21.655  22.072   2.558   2.683   2.835   2.964   3.181   3.181   0.000   2.253
      45      Rh  20.167  20.213  20.072  22.759  22.721  23.169   2.696   2.834   3.001   3.144   3.364   3.364   0.000   2.377
      46      Pd  21.123  21.174  21.018  23.859  23.816  24.297   2.838   2.990   3.171   3.328   3.553   3.553   0.000   2.503
      47      Ag  22.104  22.159  21.988  24.987  24.942  25.454   2.984   3.150   3.347   3.519   3.743   3.750   0.000   2.634
      48      Cd  23.109  23.170  22.982  26.143  26.093  26.641   3.133   3.316   3.528   3.716   3.951   0.000   0.000   2.767
      49      In  24.139  24.206  24.000  27.382  27.274  27.859   3.286   3.487   3.713   3.920   4.161   4.161   4.237   2.904
      50      Sn  25.193  25.267  25.042  28.601  28.483  29.106   3.443   3.662   3.904   4.131   4.377   4.377   4.464   3.045
      51      Sb  26.274  26.355  26.109  29.851  29.723  30.387   3.604   3.843   4.100   4.347   4.560   4.600   4.697   3.188
      52      Te  27.380  27.468  27.200  31.128  30.993  31.698   3.769   4.029   4.301   4.570   4.829   4.829   4.937   3.336
      53       I  28.512  28.607  28.315  32.437  32.292  33.016   3.937   4.220   4.507   4.800   5.066   5.066   5.185   3.485
      54      Xe  29.669  29.774  29.485  33.777  33.644  34.446   4.109   4.422   4.720   5.036   0.000   0.000   0.000   0.000
      55      Cs  30.854  30.968  30.623  35.149  34.984  35.819   4.286   4.619   4.935   5.280   5.542   5.553   5.703   3.795
      56      Ba  32.065  32.188  31.815  36.553  36.376  37.255   4.465   4.827   5.156   5.531   5.797   5.809   5.973   3.954
      57      La  33.302  33.436  33.033  37.986  37.799  38.728   4.650   5.041   5.383   5.789   6.060   6.074   6.252   4.124
      58      Ce  34.569  34.714  34.276  39.453  39.255  40.231   4.839   5.261   5.612   6.052   6.325   6.341   6.528   4.288
      59      Pr  35.864  36.020  35.548  40.953  40.746  41.772   5.033   5.488   5.849   6.322   6.598   6.616   6.815   4.453
      60      Nd  37.185  37.355  36.845  42.484  42.269  43.298   5.229   5.721   6.088   6.602   6.883   6.902   7.107   4.633
      61      Pm  38.535  38.718  38.160  44.049  43.945  44.955   5.432   5.960   6.338   6.891   0.000   0.000   0.000   0.000
      62      Sm  39.914  40.111  39.523  45.649  45.400  46.553   5.635   6.205   6.585   7.180   7.467   7.487   7.714   4.995
      63      Eu  41.323  41.535  40.877  47.283  47.027  48.241   5.845   6.455   6.842   7.478   7.768   7.796   8.030   5.177
      64      Gd  42.761  42.989  42.280  48.949  48.718  49.961   6.056   6.712   7.102   7.788   8.087   8.105   8.355   5.362
      65      Tb  44.229  44.474  43.737  50.650  50.391  51.737   6.272   6.977   7.365   8.104   8.398   8.423   8.685   5.546
      66      Dy  45.728  45.991  45.193  52.384  52.178  53.491   6.494   7.246   7.634   8.418   8.714   8.753   9.020   5.743
      67      Ho  47.257  47.539  46.686  54.155  53.934  55.292   6.719   7.524   7.910   8.748   9.051   9.087   9.374   5.943
      68      Er  48.818  49.119  48.205  55.963  55.690  57.088   6.947   7.809   8.188   9.089   9.385   9.431   9.722   6.152
      69      Tm  50.410  50.733  49.762  57.806  57.576  58.969   7.179   8.100   8.467   9.424   9.730   9.779  10.084   6.342
      70      Yb  52.035  52.380  51.326  59.687  59.352  60.959   7.414   8.400   8.757   9.779  10.090  10.143  10.460   6.546
      71      Lu  53.693  54.061  52.959  61.607  61.282  62.946   7.654   8.708   9.047  10.142  10.460  10.511  10.843   6.753
      72      Hf  55.382  55.781  54.579  63.562  63.209  64.936   7.898   9.021   9.346  10.514  10.834  10.891  11.233   6.960
      73      Ta  57.106  57.523  56.270  65.556  65.210  66.999   8.145   9.342   9.650  10.892  11.217  11.278  11.645   7.173
      74       W  58.864  59.308  57.973  67.586  67.233  69.090   8.396   9.671   9.960  11.283  11.608  11.674  12.063   7.388
      75      Re  60.655  61.130  59.707  69.659  69.296  71.220   8.651  10.008  10.273  11.684  12.010  12.082  12.492   7.604
      76      Os  62.482  62.990  61.477  71.775  71.404  73.393   8.910  10.354  10.597  12.094  12.422  12.500  12.923   7.822
      77      Ir  64.346  64.885  63.278  73.933  73.549  75.605   9.174  10.706  10.919  12.509  12.842  12.924  13.368   8.046
      78      Pt  66.246  66.821  65.111  76.131  75.736  77.866   9.441  11.069  11.249  12.939  13.270  13.361  13.828   8.268
      79      Au  68.185  68.792  66.980  78.372  77.968  80.165   9.712  11.440  11.583  13.379  13.710  13.809  14.300   8.494
      80      Hg  70.160  70.807  68.894  80.656  80.258  82.526   9.987  11.821  11.922  13.828  14.162  14.265  14.778   8.721
      81      Tl  72.176  72.859  70.820  82.985  82.558  84.904  10.267  12.211  12.270  14.288  14.625  14.737  15.272   8.953
      82      Pb  74.228  74.956  72.794  85.357  84.922  87.343  10.550  12.612  12.621  14.762  15.101  15.218  15.777   9.185
      83      Bi  76.321  77.095  74.805  87.774  87.335  89.833  10.837  13.021  12.978  15.244  15.582  15.710  16.295   9.420
      84      Po  78.460  79.279  76.868  90.243  89.809  92.386  11.129  13.445  13.338  15.740  16.070   0.000   0.000   9.664
      85      At  80.636  81.499  78.956  92.754  92.319  94.976  11.425  13.874  13.705  16.248   0.000   0.000   0.000   0.000
      86      Rn  82.855  83.768  81.080  95.315  94.877  97.615  11.725  14.313  14.077  16.768   0.000   0.000   0.000   0.000
      87      Fr  85.124  86.089  83.243  97.930  97.483 100.305  12.029  14.768  14.448  17.301   0.000   0.000   0.000   0.000
      88      Ra  87.437  88.454  85.446 100.523 100.136 103.048  12.338  15.233  14.839  17.845  18.179  18.357  19.084  10.622
      89      Ac  89.790  90.868  87.861 103.310 102.846 105.838  12.650  15.710  15.227  18.405   0.000   0.000   0.000   0.000
      90      Th  92.190  93.334  89.942 106.077 105.592 108.671  12.967  16.199  15.621  18.977  19.305  19.507  20.292  11.119
      91      Pa  94.643  95.852  92.271 108.906 108.408 111.575  13.288  16.699  16.022  19.559  19.872  20.098  20.882  11.366
      92       U  97.143  98.422  94.649 111.786 111.289 114.549  13.612  17.217  16.425  20.163  20.485  20.713  21.562  11.618
      93      Np  99.693 101.005  97.023 114.720 114.181 117.533  13.942  17.747  16.837  20.774  21.110  21.340  22.200  11.890
      94      Pu 102.295 103.653  99.457 117.716 117.146 120.592  14.276  18.291  17.252  21.401  21.725  21.982  22.891  12.124
      95      Am 104.952 106.351 101.932 120.775 120.163 123.706  14.615  18.849  17.673  22.042  22.361   0.000   0.000  12.384
      96      Cm 107.670 109.098 104.448 123.903 123.235 126.875  14.961  19.393  18.106  22.699   0.000   0.000   0.000   0.000
      97      Bk 110.450 111.595 107.023 127.102 126.362 130.101  15.309  19.971  18.540  23.370   0.000   0.000   0.000   0.000
      98      Cf 113.298 114.745 109.603 130.377 129.544 133.383  15.561  20.562  18.980  24.056   0.000   0.000   0.000   0.000
      99      Es 116.217 117.646 112.244 133.730 132.781 136.724  16.018  21.166  19.425  24.758   0.000   0.000   0.000   0.000
     100      Fm 119.210 120.596 114.926 137.167 136.075 140.122  16.379  21.785  19.879  25.475   0.000   0.000   0.000   0.000
