VERSION:    3.0
DATE:       Sat Jun 14 18:19:22 1997
CHANNELS:           2048
ROIS:                  3
REAL_TIME:        641.500
LIVE_TIME:        600.000
CAL_OFFSET:     -0.159566
CAL_SLOPE:      0.0472792
CAL_QUAD:         0.00000
TWO_THETA:        11.9378
ROI_0_LEFT:           232
ROI_0_RIGHT:          264
ROI_0_LABEL: Au1
ROI_1_LEFT:           232
ROI_1_RIGHT:          264
ROI_1_LABEL: Au1
ROI_2_LEFT:           516
ROI_2_RIGHT:          575
ROI_2_LABEL: Au2
DATA: 
0
0
0
0
0
0
0
0
0
0
0
0
0
0
0
0
0
0
0
0
0
0
0
0
0
0
0
0
0
0
0
0
29
108
138
193
310
419
411
352
293
249
165
89
50
43
31
42
51
38
36
36
32
35
37
42
31
29
26
33
24
31
28
24
31
9
25
14
25
18
20
27
28
27
30
33
51
80
116
115
84
67
45
31
36
34
65
57
45
33
20
31
30
15
22
23
30
28
34
24
22
14
20
22
24
23
33
21
19
27
35
19
25
32
28
38
28
25
20
23
28
25
24
32
26
28
26
36
30
32
21
34
37
29
43
46
47
58
57
72
63
51
43
51
53
38
39
51
38
43
48
58
54
41
39
48
48
42
44
40
46
32
48
38
41
35
20
25
24
21
23
31
22
29
27
38
27
31
35
40
45
45
61
62
74
49
60
42
30
59
29
34
43
25
27
28
37
31
33
35
33
40
38
42
59
120
210
474
1046
1557
1897
1843
1312
748
364
159
90
72
78
66
92
87
93
116
89
74
65
63
64
57
57
55
61
73
82
63
80
113
132
194
257
355
462
539
867
1327
1960
2336
2276
1986
1774
1219
884
519
315
206
172
189
154
151
131
98
91
67
72
48
60
42
47
42
48
45
37
47
36
40
59
64
66
68
65
60
80
84
126
213
461
619
669
683
479
320
220
199
236
279
282
309
209
158
119
102
77
82
83
96
90
105
118
81
81
70
72
59
72
67
74
61
58
68
90
89
107
122
131
145
140
195
217
214
247
251
255
247
200
181
179
163
153
147
159
151
178
257
231
306
393
480
551
620
618
669
612
667
680
614
555
544
512
478
434
410
409
413
368
413
351
329
276
295
246
259
224
214
213
197
165
142
173
150
154
150
159
156
153
156
120
111
132
127
122
141
118
126
111
119
160
148
135
125
139
146
130
135
127
167
151
143
150
170
121
146
163
163
153
145
140
149
173
153
174
166
163
201
187
170
195
192
205
206
223
219
195
210
221
247
229
237
247
286
265
265
209
228
212
216
224
220
214
207
202
241
220
237
233
208
216
262
236
227
245
242
215
261
256
250
286
254
331
318
313
307
312
342
349
356
334
333
344
309
305
300
317
325
298
271
319
296
294
282
291
288
297
259
271
246
274
261
277
272
306
251
257
286
318
272
303
328
310
311
317
331
369
369
371
342
353
391
414
389
425
438
463
483
520
527
559
603
637
713
756
889
1026
1193
1416
1686
2038
2241
2538
2614
2683
2619
2488
2249
2046
1702
1532
1330
1251
1148
1186
1260
1317
1433
1716
1981
2579
3230
4192
5076
6180
7530
8402
8957
9225
8903
8248
7195
6031
5035
3964
3233
2599
2125
1793
1613
1407
1394
1266
1231
1211
1125
1110
1091
1071
1006
940
892
825
824
820
801
827
851
874
856
885
849
937
871
861
845
825
750
766
726
731
679
694
615
636
626
651
638
607
604
625
611
618
587
591
626
615
638
679
701
669
715
812
813
847
898
978
1074
1181
1217
1332
1550
1680
1951
2053
2297
2429
2609
2709
2964
2986
3076
3172
3103
2983
2847
2715
2419
2199
2088
1869
1659
1526
1368
1231
1064
972
915
887
767
746
661
639
592
597
574
538
501
522
541
493
455
452
471
438
488
449
474
448
464
479
485
491
604
617
622
621
717
664
660
691
624
595
551
576
528
526
549
541
591
541
562
593
561
592
589
667
610
665
674
666
734
801
757
809
802
801
836
870
849
865
811
873
901
872
863
799
778
763
733
679
741
696
708
656
661
647
699
720
769
719
755
784
774
860
887
890
932
912
911
956
935
858
932
1028
933
933
876
928
913
838
827
812
808
702
686
642
659
639
572
538
522
516
512
429
480
443
449
452
396
394
425
367
420
388
372
359
366
392
388
356
341
371
375
351
337
359
352
358
352
379
348
386
356
383
332
376
369
368
333
338
347
351
334
366
343
395
356
398
386
364
348
374
359
367
383
344
385
396
336
342
355
346
388
352
353
357
312
356
361
363
359
359
343
361
353
370
327
365
345
331
342
361
386
390
373
393
381
368
353
399
397
390
403
404
379
398
348
380
378
420
398
397
411
401
371
363
390
381
354
384
403
413
427
415
402
403
441
429
453
513
456
529
511
526
536
605
630
686
718
781
803
869
952
1084
1200
1250
1396
1488
1487
1585
1708
1661
1672
1647
1678
1595
1483
1431
1342
1250
1116
971
956
915
801
755
769
718
693
655
630
594
567
597
583
571
543
556
484
517
500
511
469
475
489
478
443
467
478
514
477
461
447
438
427
461
412
383
376
406
370
383
392
419
373
332
358
350
356
323
328
322
348
305
325
283
314
293
317
299
293
304
350
301
273
279
288
304
292
287
256
308
303
290
279
307
276
284
308
304
309
276
291
327
283
326
275
265
269
280
300
276
268
275
268
272
285
258
285
259
328
301
299
288
304
309
309
339
307
289
361
323
340
348
350
328
318
356
351
364
374
347
365
397
359
394
413
461
500
512
528
557
569
719
744
813
833
943
1087
1103
1157
1265
1324
1490
1415
1564
1601
1661
1625
1580
1566
1465
1441
1370
1248
1138
1139
1026
946
857
759
769
683
661
585
513
500
457
454
440
418
394
387
359
319
336
314
309
350
345
350
316
348
354
354
350
387
384
405
405
464
541
492
583
523
515
541
594
560
527
526
499
472
421
399
365
376
369
287
267
277
244
249
241
237
244
234
231
235
204
217
211
197
216
220
181
181
187
189
187
196
189
182
185
209
197
203
212
208
213
165
204
194
220
194
187
203
181
211
210
202
210
228
204
175
196
182
216
216
204
225
211
215
227
211
236
231
225
211
205
219
207
206
219
208
198
186
217
195
189
185
209
195
179
214
180
166
174
166
171
196
157
184
152
184
178
154
147
147
166
183
161
139
139
155
163
158
151
169
174
148
162
140
158
154
142
137
158
150
155
143
141
136
141
157
135
169
162
129
143
141
124
129
146
130
139
150
145
129
140
143
136
167
142
150
155
139
154
136
144
160
176
147
166
143
147
163
175
199
175
176
193
148
173
155
175
173
164
189
178
197
159
143
178
142
157
171
155
170
158
150
123
125
121
150
110
127
120
116
116
154
124
121
125
120
132
120
123
114
112
125
95
109
121
106
96
102
100
135
114
118
101
97
113
90
111
93
100
111
105
109
101
99
90
118
111
99
100
105
113
91
105
86
105
94
101
94
106
74
98
101
97
101
100
100
85
89
93
74
102
110
96
96
102
104
84
109
83
108
91
79
92
111
95
122
103
116
109
127
125
126
120
119
118
134
140
139
139
143
156
175
175
156
175
178
179
188
177
198
187
185
175
165
169
157
153
148
162
162
153
121
131
130
136
132
133
125
148
141
127
136
121
135
130
148
121
129
139
133
165
132
165
145
141
158
131
125
145
105
121
109
111
108
98
114
95
115
111
77
93
84
128
105
78
104
81
76
85
65
77
81
95
86
70
91
77
63
76
55
64
62
67
63
50
52
51
62
64
50
48
53
50
57
55
44
52
49
55
34
33
45
48
25
38
42
28
47
31
30
32
33
31
34
30
27
34
42
25
31
24
25
30
23
24
29
28
32
29
26
29
37
15
26
19
15
21
26
17
15
23
21
21
16
17
17
9
19
15
18
14
12
20
16
21
14
13
18
22
14
15
24
17
16
11
19
13
15
13
15
18
19
15
16
16
14
17
13
13
17
14
13
18
14
14
14
16
10
11
10
15
21
15
12
19
10
10
12
12
7
12
8
9
5
12
10
7
13
6
6
6
4
11
5
6
11
9
4
7
7
5
1
2
3
7
7
8
4
3
8
9
8
6
1
4
1
6
5
7
6
4
5
2
2
4
5
5
1
5
6
4
4
6
9
4
2
6
2
4
3
1
2
0
4
1
3
3
3
3
3
4
6
4
3
1
3
4
2
2
2
2
2
1
2
0
5
1
1
4
3
0
1
2
0
3
4
2
3
2
0
2
2
3
1
1
1
4
2
3
2
1
0
1
2
2
2
2
2
1
3
4
3
2
2
2
2
1
2
0
1
0
1
1
1
0
2
1
1
0
1
1
1
0
3
2
1
0
3
2
1
2
1
3
0
2
0
0
0
1
2
1
1
0
0
0
3
1
1
0
1
1
1
0
2
0
0
2
0
2
0
0
0
1
1
2
2
0
1
2
1
1
0
0
0
0
1
2
3
1
0
0
2
0
5
0
1
1
3
2
0
2
2
4
1
2
0
0
2
1
1
3
0
0
2
1
1
0
3
0
1
1
1
0
2
0
2
3
1
1
2
1
2
0
1
0
1
1
2
1
5
0
0
1
3
2
1
0
1
1
0
1
1
2
0
0
2
1
1
1
0
0
0
2
1
0
1
2
3
0
0
0
0
0
1
0
1
0
0
1
0
1
0
4
0
1
1
0
1
1
0
2
1
1
0
0
0
1
1
0
0
1
1
0
4
0
0
1
2
2
0
2
2
0
0
0
1
0
1
0
0
0
0
0
1
0
1
0
1
0
0
0
2
0
1
1
0
0
0
0
1
1
0
1
0
0
0
1
1
1
0
0
0
0
0
0
0
0
0
0
1
1
0
0
1
0
0
1
1
1
0
1
0
0
0
0
0
2
0
2
3
0
0
0
0
0
0
0
0
0
0
0
0
0
0
0
0
0
0
0
0
0
0
0
0
0
0
0
0
0
0
0
0
0
0
0
0
0
0
0
0
0
0
0
0
0
0
0
0
0
0
0
0
